101 32 256
116 104 257
116 32 258
115 32 259
100 32 260
44 32 261
111 117 262
101 114 263
105 110 264
121 32 265
97 110 266
111 114 267
111 32 268
101 110 269
97 114 270
32 257 271
111 110 272
108 108 273
104 97 274
105 259 275
101 115 276
121 262 277
32 115 278
116 268 279
266 260 280
111 119 281
101 97 282
32 109 283
32 119 284
111 102 285
32 104 286
264 103 287
111 109 288
32 97 289
99 104 290
257 256 291
115 116 292
32 98 293
110 111 294
105 114 295
102 267 296
118 256 297
101 261 298
105 257 299
271 256 300
115 101 301
108 105 302
84 104 303
273 32 304
114 101 305
115 258 306
97 258 307
65 110 308
73 32 309
101 270 310
105 109 311
105 116 312
111 111 313
103 104 314
97 116 315
105 115 316
108 101 317
263 32 318
262 114 319
308 260 320
39 259 321
101 101 322
294 258 323
109 265 324
114 97 325
277 114 326
117 114 327
274 258 328
114 105 329
117 258 330
108 260 331
79 58 332
285 32 333
101 260 334
108 97 335
105 258 336
114 111 337
263 256 338
101 259 339
100 261 340
117 110 341
69 78 342
107 256 343
121 261 344
73 78 345
32 100 346
97 259 347
101 46 348
102 97 349
119 299 350
274 297 351
83 58 352
32 99 353
87 104 354
257 307 355
269 116 356
257 101 357
115 104 358
109 97 359
32 112 360
257 263 361
65 82 362
98 101 363
99 256 364
32 73 365
287 32 366
97 108 367
257 262 368
115 261 369
109 256 370
115 256 371
108 111 372
99 107 373
119 104 374
105 108 375
39 260 376
73 332 377
110 281 378
105 273 379
99 101 380
32 116 381
98 256 382
101 273 383
114 282 384
32 280 385
116 261 386
262 331 387
283 265 388
118 263 389
99 288 390
32 279 391
104 256 392
101 108 393
32 103 394
46 32 395
85 352 396
32 277 397
111 108 398
100 105 399
97 265 400
116 263 401
271 101 402
97 264 403
303 256 404
32 102 405
108 256 406
105 272 407
114 117 408
105 102 409
266 100 410
84 268 411
105 314 412
270 256 413
101 44 414
117 112 415
104 311 416
101 100 417
105 304 418
267 100 419
105 290 420
108 265 421
313 260 422
85 67 423
281 110 424
104 275 425
345 71 426
99 272 427
110 101 428
97 121 429
114 288 430
105 100 431
117 115 432
65 78 433
262 110 434
109 266 435
97 103 436
69 82 437
79 82 438
101 258 439
32 264 440
114 276 441
301 108 442
286 275 443
101 116 444
99 97 445
115 274 446
69 84 447
84 328 448
112 111 449
113 117 450
59 32 451
257 265 452
115 44 453
101 109 454
109 267 455
117 108 456
110 268 457
97 109 458
65 58 459
118 269 460
98 265 461
75 426 462
115 112 463
286 311 464
104 263 465
257 275 466
271 275 467
271 307 468
111 257 469
272 103 470
66 330 471
276 258 472
111 261 473
98 330 474
32 285 475
70 267 476
115 117 477
117 116 478
284 299 479
272 256 480
97 273 481
73 67 482
269 100 483
79 76 484
100 268 485
115 46 486
288 256 487
107 378 488
115 295 489
99 116 490
261 280 491
117 259 492
276 259 493
278 116 494
442 102 495
69 76 496
97 343 497
107 287 498
108 282 499
270 100 500
284 104 501
111 112 502
119 267 503
293 256 504
97 100 505
73 396 506
362 68 507
462 32 508
115 268 509
271 262 510
73 284 511
32 326 512
104 310 513
269 258 514
109 111 515
276 116 516
105 99 517
45 45 518
116 111 519
83 84 520
77 265 521
118 101 522
100 101 523
269 32 524
39 116 525
262 259 526
119 256 527
277 32 528
108 313 529
58 32 530
69 58 531
33 32 532
289 109 533
271 265 534
79 78 535
263 101 536
286 256 537
114 266 538
264 32 539
100 282 540
115 97 541
264 107 542
266 32 543
117 290 544
278 274 545
316 104 546
115 272 547
97 98 548
105 297 549
115 119 550
117 306 551
108 419 552
121 46 553
65 259 554
274 257 555
87 328 556
102 430 557
103 422 558
73 39 559
97 32 560
282 107 561
114 281 562
264 256 563
99 105 564
262 108 565
105 103 566
100 263 567
89 262 568
101 59 569
112 263 570
112 114 571
302 343 572
507 365 573
39 100 574
72 97 575
82 79 576
256 279 577
84 377 578
73 58 579
262 314 580
276 115 581
278 104 582
415 272 583
97 115 584
262 258 585
267 32 586
447 58 587
65 85 588
119 347 589
266 116 590
112 337 591
119 328 592
293 101 593
99 266 594
101 63 595
97 344 596
317 258 597
89 32 598
69 32 599
105 260 600
309 351 601
412 116 602
293 330 603
319 32 604
296 32 605
101 58 606
104 282 607
263 118 608
302 102 609
274 116 610
111 331 611
117 109 612
119 383 613
295 306 614
266 103 615
73 110 616
32 333 617
105 292 618
264 100 619
269 260 620
357 109 621
75 58 622
326 32 623
67 65 624
101 121 625
482 72 626
82 626 627
119 270 628
68 85 629
111 100 630
322 112 631
368 32 632
629 75 633
102 456 634
633 599 635
115 111 636
116 116 637
289 259 638
296 256 639
105 373 640
116 408 641
274 260 642
73 533 643
87 299 644
98 406 645
294 116 646
112 112 647
342 578 648
116 311 649
437 58 650
354 420 651
455 256 652
73 102 653
276 261 654
314 116 655
357 265 656
446 273 657
276 256 658
286 263 659
119 418 660
349 361 661
63 32 662
89 58 663
257 269 664
100 111 665
119 338 666
289 273 667
79 261 668
121 44 669
345 67 670
281 32 671
72 256 672
98 108 673
108 267 674
283 256 675
98 337 676
111 371 677
566 110 678
114 265 679
279 291 680
79 102 681
101 112 682
101 120 683
389 265 684
73 278 685
372 118 686
65 66 687
119 379 688
264 300 689
102 329 690
540 257 691
109 101 692
115 58 693
269 364 694
289 32 695
115 59 696
112 270 697
412 258 698
266 265 699
529 107 700
76 79 701
97 119 702
100 44 703
314 258 704
359 343 705
101 321 706
508 627 707
707 573 708
69 520 709
70 614 710
97 117 711
257 318 712
428 119 713
284 328 714
357 295 715
423 72 716
99 298 717
119 387 718
82 288 719
100 46 720
259 280 721
71 701 722
103 325 723
118 111 724
270 109 725
423 709 726
722 726 727
727 650 728
121 439 729
349 295 730
69 342 731
114 424 732
303 275 733
357 256 734
402 295 735
278 268 736
303 262 737
374 420 738
76 73 739
327 256 740
121 495 741
284 256 742
358 256 743
101 102 744
272 319 745
292 263 746
261 324 747
101 304 748
67 288 749
322 258 750
372 297 751
264 260 752
269 380 753
285 300 754
402 109 755
59 385 756
81 85 757
86 670 758
101 490 759
118 105 760
257 266 761
399 260 762
757 731 763
758 648 764
77 270 765
446 304 766
70 32 767
79 767 768
103 101 769
278 112 770
559 304 771
257 287 772
285 102 773
327 110 774
350 32 775
359 100 776
32 296 777
72 342 778
101 269 779
112 335 780
276 44 781
97 107 782
111 39 783
322 100 784
436 403 785
489 261 786
101 118 787
82 598 788
83 268 789
97 304 790
101 99 791
390 256 792
778 788 793
69 83 794
71 111 795
103 111 796
103 549 797
109 270 798
525 275 799
263 58 800
301 260 801
103 256 802
267 256 803
286 310 804
83 101 805
110 103 806
356 317 807
100 316 808
438 73 809
100 117 810
104 318 811
111 361 812
635 764 813
32 275 814
116 497 815
117 371 816
763 32 817
69 352 818
106 111 819
73 283 820
98 263 821
89 438 822
109 269 823
302 118 824
353 288 825
822 622 826
97 112 827
99 434 828
270 258 829
32 336 830
115 264 831
117 292 832
315 256 833
79 114 834
87 256 835
315 407 836
345 506 837
463 561 838
32 323 839
73 259 840
100 276 841
112 325 842
116 46 843
101 39 844
312 105 845
116 119 846
80 447 847
281 263 848
97 99 849
271 266 850
359 265 851
116 44 852
277 261 853
39 84 854
68 87 855
69 855 856
105 118 857
109 544 858
71 82 859
108 410 860
111 306 861
267 110 862
84 72 863
354 344 864
358 387 865
384 258 866
101 33 867
102 105 868
313 107 869
73 258 870
77 73 871
85 77 872
103 403 873
374 269 874
32 309 875
76 69 876
76 423 877
77 342 878
98 111 879
73 83 880
108 470 881
286 282 882
515 306 883
102 310 884
115 487 885
116 259 886
496 76 887
78 281 888
69 100 889
116 334 890
266 258 891
427 260 892
99 348 893
257 542 894
267 260 895
294 645 896
39 306 897
77 69 898
97 373 899
108 493 900
274 386 901
102 102 902
104 281 903
576 898 904
904 332 905
122 269 906
342 506 907
878 907 908
66 265 909
104 338 910
283 266 911
298 280 912
109 551 913
112 441 914
103 268 915
434 100 916
82 716 917
105 112 918
270 101 919
305 109 920
847 917 921
921 377 922
79 77 923
259 279 924
293 265 925
305 112 926
405 430 927
72 281 928
111 258 929
121 58 930
284 418 931
109 272 932
109 356 933
259 285 934
270 260 935
299 263 936
795 260 937
100 265 938
103 117 939
116 383 940
397 32 941
398 100 942
674 340 943
65 344 944
67 108 945
72 65 946
77 362 947
305 116 948
535 84 949
749 298 950
111 273 951
266 340 952
67 809 953
354 338 954
484 433 955
690 483 956
953 955 957
32 272 958
289 258 959
545 304 960
594 323 961
805 892 962
957 396 963
115 33 964
100 429 965
114 470 966
115 99 967
66 101 968
102 108 969
257 315 970
312 46 971
66 65 972
82 420 973
110 97 974
119 640 975
267 116 976
282 108 977
450 779 978
110 602 979
115 400 980
110 493 981
112 101 982
114 269 983
315 290 984
327 301 985
275 291 986
434 260 987
519 268 988
845 906 989
105 111 990
345 459 991
435 58 992
114 580 993
115 63 994
259 333 995
276 46 996
278 392 997
286 318 998
68 58 999
76 895 1000
98 310 1001
353 272 1002
73 579 1003
97 292 1004
257 322 1005
708 1003 1006
83 295 1007
301 256 1008
316 256 1009
394 325 1010
402 265 1011
568 32 1012
719 101 1013
98 317 1014
100 272 1015
278 544 1016
279 382 1017
314 401 1018
322 260 1019
427 116 1020
87 270 1021
89 319 1022
32 274 1023
112 499 1024
302 101 1025
1021 975 1026
85 110 1027
112 305 1028
284 379 1029
309 485 1030
381 111 1031
79 110 1032
100 469 1033
111 389 1034
369 280 1035
65 68 1036
72 275 1037
114 256 1038
116 318 1039
117 305 1040
316 272 1041
354 269 1042
470 117 1043
768 826 1044
98 384 1045
105 266 1046
115 115 1047
116 403 1048
117 373 1049
375 100 1050
687 887 1051
880 1051 1052
1052 459 1053
116 265 1054
380 44 1055
402 256 1056
82 433 1057
101 119 1058
354 268 1059
83 116 1060
121 59 1061
257 338 1062
270 107 1063
312 265 1064
854 275 1065
74 85 1066
76 439 1067
83 104 1068
287 261 1069
294 386 1070
303 266 1071
308 340 1072
309 488 1073
445 273 1074
582 387 1075
739 587 1076
876 949 1077
1066 1076 1078
1077 818 1079
97 360 1080
303 269 1081
110 267 1082
76 1036 1083
97 257 1084
97 293 1085
99 108 1086
119 409 1087
327 567 1088
1083 598 1089
67 531 1090
78 267 1091
86 484 1092
104 262 1093
117 386 1094
271 658 1095
342 1090 1096
545 273 1097
559 273 1098
628 260 1099
676 361 1100
44 518 1101
66 82 1102
101 389 1103
116 341 1104
303 101 1105
336 275 1106
477 290 1107
39 258 1108
67 989 1109
83 608 1110
100 424 1111
317 116 1112
353 266 1113
512 32 1114
776 256 1115
80 337 1116
267 107 1117
283 101 1118
302 637 1119
348 32 1120
375 256 1121
32 319 1122
78 596 1123
83 482 1124
271 542 1125
278 117 1126
313 100 1127
1124 837 1128
87 901 1129
107 631 1130
116 325 1131
428 389 1132
83 274 1133
87 383 1134
99 319 1135
114 287 1136
315 401 1137
391 291 1138
417 46 1139
500 272 1140
610 321 1141
97 102 1142
104 410 1143
119 419 1144
78 473 1145
109 263 1146
290 270 1147
329 744 1148
335 119 1149
499 297 1150
511 418 1151
97 283 1152
114 121 1153
261 355 1154
322 108 1155
454 112 1156
469 318 1157
66 256 1158
105 364 1159
119 429 1160
301 46 1161
324 552 1162
571 264 1163
877 377 1164
78 929 1165
84 73 1166
86 58 1167
98 325 1168
102 295 1169
116 269 1170
310 257 1171
508 856 1172
511 387 1173
573 1167 1174
1172 1174 1175
76 332 1176
100 711 1177
110 458 1178
266 364 1179
271 269 1180
312 261 1181
361 101 1182
367 107 1183
476 32 1184
507 58 1185
584 115 1186
82 73 1187
271 322 1188
296 300 1189
39 32 1190
89 1117 1191
102 117 1192
109 298 1193
114 344 1194
121 367 1195
263 259 1196
340 280 1197
363 269 1198
393 112 1199
394 422 1200
575 297 1201
72 58 1202
72 269 1203
105 317 1204
115 565 1205
257 658 1206
283 298 1207
284 347 1208
303 265 1209
322 290 1210
346 268 1211
390 339 1212
461 291 1213
73 90 1214
97 375 1215
99 270 1216
99 732 1217
272 32 1218
289 304 1219
447 1202 1220
496 1214 1221
687 1220 1222
817 1221 1223
1223 1222 1224
110 315 1225
116 1043 1226
117 100 1227
267 562 1228
277 283 1229
97 284 1230
119 500 1231
305 256 1232
432 98 1233
564 526 1234
859 69 1235
102 313 1236
104 101 1237
115 288 1238
115 429 1239
119 400 1240
266 546 1241
383 281 1242
67 76 1243
83 32 1244
100 58 1245
103 866 1246
109 264 1247
116 105 1248
259 291 1249
261 291 1250
279 324 1251
335 373 1252
77 437 1253
80 437 1254
103 807 1255
118 318 1256
262 116 1257
363 103 1258
607 460 1259
1119 406 1260
71 422 1261
87 362 1262
87 482 1263
99 274 1264
100 400 1265
284 387 1266
335 100 1267
368 314 1268
374 338 1269
436 256 1270
1262 1263 1271
1271 622 1272
85 84 1273
104 745 1274
105 101 1275
286 745 1276
372 522 1277
508 793 1278
708 579 1279
1109 58 1280
1278 86 1281
97 295 1282
98 282 1283
292 58 1284
312 267 1285
315 116 1286
77 58 1287
100 310 1288
109 741 1289
261 347 1290
261 489 1291
264 388 1292
264 467 1293
272 300 1294
278 487 1295
346 282 1296
490 407 1297
657 504 1298
946 1287 1299
73 433 1300
76 587 1301
78 268 1302
79 32 1303
80 85 1304
115 298 1305
259 413 1306
285 283 1307
296 257 1308
325 119 1309
335 117 1310
365 39 1311
393 265 1312
427 115 1313
550 750 1314
624 1304 1315
951 281 1316
1315 1301 1317
98 529 1318
99 327 1319
109 563 1320
114 341 1321
119 288 1322
290 1050 1323
341 567 1324
356 406 1325
358 918 1326
384 547 1327
536 321 1328
590 58 1329
770 561 1330
791 258 1331
78 985 1332
97 278 1333
103 114 1334
119 310 1335
121 310 1336
263 261 1337
316 261 1338
374 268 1339
445 816 1340
548 406 1341
649 256 1342
112 329 1343
115 282 1344
116 329 1345
277 806 1346
317 682 1347
350 300 1348
365 533 1349
451 296 1350
515 361 1351
919 613 1352
974 370 1353
982 502 1354
66 423 1355
101 684 1356
112 327 1357
261 409 1358
264 116 1359
276 59 1360
289 873 1361
293 337 1362
312 256 1363
462 1299 1364
1102 1273 1365
1355 1364 1366
1365 396 1367
66 484 1368
66 576 1369
70 430 1370
75 531 1371
84 1057 1372
100 59 1373
101 340 1374
103 272 1375
118 339 1376
121 63 1377
274 647 1378
294 772 1379
360 114 1380
375 258 1381
426 1369 1382
440 32 1383
793 1368 1384
1372 377 1385
1382 1371 1386
1384 1386 1387
277 46 1388
283 497 1389
287 46 1390
305 260 1391
306 368 1392
431 256 1393
501 420 1394
888 261 1395
1332 58 1396
79 327 1397
97 302 1398
112 108 1399
285 443 1400
337 1195 1401
505 256 1402
101 678 1403
266 550 1404
315 105 1405
315 267 1406
455 562 1407
71 362 1408
117 369 1409
283 400 1410
283 563 1411
349 108 1412
359 107 1413
359 746 1414
384 100 1415
794 1244 1416
817 947 1417
1105 265 1418
1408 587 1419
1417 1419 1420
65 863 1421
75 366 1422
107 379 1423
112 104 1424
112 282 1425
119 748 1426
259 355 1427
503 108 1428
783 300 1429
871 76 1430
97 381 1431
100 269 1432
118 295 1433
276 58 1434
285 388 1435
290 615 1436
293 108 1437
384 116 1438
390 112 1439
449 267 1440
511 379 1441
565 100 1442
945 270 1443
71 496 1444
72 438 1445
83 392 1446
89 439 1447
106 832 1448
262 115 1449
262 290 1450
269 103 1451
309 842 1452
312 407 1453
354 265 1454
433 1444 1455
692 266 1456
1455 332 1457
67 85 1458
69 806 1459
72 671 1460
98 469 1461
99 387 1462
101 256 1463
101 460 1464
103 270 1465
107 110 1466
116 117 1467
116 313 1468
257 366 1469
263 46 1470
271 315 1471
283 551 1472
301 44 1473
362 991 1474
435 265 1475
496 58 1476
1134 261 1477
32 457 1478
75 1421 1479
97 346 1480
97 405 1481
97 647 1482
99 99 1483
99 111 1484
109 316 1485
115 608 1486
117 343 1487
269 717 1488
283 803 1489
284 338 1490
292 261 1491
427 102 1492
428 1256 1493
765 564 1494
787 318 1495
882 460 1496
1479 1474 1497
72 338 1498
100 262 1499
278 111 1500
283 97 1501
286 338 1502
289 360 1503
293 469 1504
302 107 1505
303 338 1506
390 298 1507
32 76 1508
98 630 1509
107 366 1510
264 364 1511
286 410 1512
1177 1018 1513
59 603 1514
65 32 1515
68 268 1516
76 396 1517
85 112 1518
112 1140 1519
284 383 1520
289 278 1521
302 655 1522
334 279 1523
378 261 1524
513 116 1525
528 351 1526
536 639 1527
624 1517 1528
785 306 1529
794 1528 1530
32 583 1531
104 261 1532
112 330 1533
119 97 1534
257 492 1535
284 267 1536
295 260 1537
335 265 1538
363 639 1539
519 45 1540
618 441 1541
71 630 1542
101 45 1543
102 270 1544
108 258 1545
108 344 1546
272 116 1547
296 1104 1548
301 258 1549
384 109 1550
416 495 1551
433 999 1552
575 257 1553
68 716 1554
68 1487 1555
71 268 1556
76 419 1557
99 356 1558
103 305 1559
257 261 1560
293 384 1561
296 109 1562
349 712 1563
536 296 1564
609 256 1565
102 1242 1566
104 111 1567
107 619 1568
115 503 1569
118 379 1570
121 33 1571
267 258 1572
286 281 1573
317 260 1574
357 298 1575
429 46 1576
576 83 1577
1116 724 1578
1555 333 1579
65 273 1580
104 319 1581
105 120 1582
108 298 1583
262 831 1584
271 316 1585
290 105 1586
292 280 1587
295 256 1588
346 316 1589
349 456 1590
417 44 1591
440 300 1592
513 258 1593
597 370 1594
73 459 1595
97 353 1596
98 367 1597
108 262 1598
115 280 1599
116 310 1600
263 99 1601
276 1210 1602
278 400 1603
292 410 1604
398 265 1605
574 44 1606
624 1430 1607
1607 1176 1608
69 460 1609
97 306 1610
99 335 1611
104 267 1612
104 1199 1613
106 516 1614
115 341 1615
115 395 1616
286 502 1617
291 103 1618
301 454 1619
380 58 1620
397 261 1621
475 102 1622
479 32 1623
1281 579 1624
1416 1044 1625
1554 1625 1626
67 487 1627
84 342 1628
282 290 1629
287 259 1630
393 371 1631
416 46 1632
424 58 1633
432 46 1634
464 46 1635
723 1234 1636
1445 1628 1637
1637 83 1638
66 1094 1639
70 1187 1640
98 106 1641
105 526 1642
264 443 1643
269 454 1644
274 118 1645
284 270 1646
292 408 1647
360 263 1648
363 287 1649
889 1099 1650
1638 377 1651
1640 362 1652
80 1166 1653
84 121 1654
99 372 1655
292 44 1656
302 112 1657
302 297 1658
305 460 1659
322 109 1660
333 326 1661
398 399 1662
416 32 1663
432 264 1664
510 32 1665
520 459 1666
538 258 1667
625 339 1668
682 465 1669
889 1231 1670
972 1653 1671
1433 1467 1672
1671 1666 1673
39 340 1674
65 1038 1675
67 396 1676
67 923 1677
77 1088 1678
84 484 1679
87 387 1680
89 1676 1681
98 97 1682
100 288 1683
102 258 1684
108 121 1685
270 116 1686
274 292 1687
299 318 1688
329 655 1689
381 119 1690
390 109 1691
588 1679 1692
641 256 1693
856 1185 1694
1677 837 1695
1692 1681 1696
39 300 1697
69 663 1698
97 394 1699
98 1241 1700
109 514 1701
117 358 1702
293 529 1703
302 358 1704
310 110 1705
335 264 1706
362 1096 1707
381 311 1708
1243 1707 1709
1499 98 1710
87 418 1711
98 899 1712
100 480 1713
103 105 1714
115 269 1715
121 321 1716
261 474 1717
303 1537 1718
315 298 1719
329 704 1720
370 279 1721
634 32 1722
810 107 1723
846 268 1724
1578 1284 1725
66 342 1726
72 263 1727
77 803 1728
78 438 1729
98 327 1730
98 600 1731
102 1316 1732
103 97 1733
103 439 1734
105 339 1735
257 316 1736
261 279 1737
301 101 1738
317 46 1739
346 111 1740
390 577 1741
661 321 1742
697 116 1743
945 1633 1744
1092 377 1745
1726 1745 1746
80 1577 1747
99 276 1748
99 305 1749
116 97 1750
118 265 1751
269 580 1752
311 112 1753
341 279 1754
358 281 1755
381 408 1756
393 100 1757
859 872 1758
920 454 1759
1254 332 1760
1747 1760 1761
1758 377 1762
73 1125 1763
105 1697 1764
115 415 1765
116 774 1766
117 301 1767
264 289 1768
293 310 1769
557 300 1770
571 1041 1771
747 552 1772
828 116 1773
1253 1458 1774
1570 403 1775
1678 800 1776
1774 578 1777
103 1325 1778
104 611 1779
105 301 1780
107 316 1781
110 480 1782
116 483 1783
119 393 1784
271 677 1785
272 261 1786
275 323 1787
283 348 1788
305 108 1789
341 116 1790
349 273 1791
350 289 1792
360 337 1793
390 296 1794
475 300 1795
667 300 1796
737 32 1797
844 304 1798
877 648 1799
74 117 1800
76 1552 1801
80 923 1802
84 497 1803
87 338 1804
99 325 1805
100 1309 1806
103 1127 1807
104 272 1808
259 350 1809
274 522 1810
313 108 1811
374 677 1812
445 112 1813
463 295 1814
557 32 1815
783 263 1816
849 99 1817
1007 261 1818
1110 1329 1819
1311 304 1820
1802 80 1821
71 549 1822
76 991 1823
80 588 1824
99 334 1825
102 752 1826
111 1084 1827
115 107 1828
118 334 1829
263 1048 1830
276 369 1831
281 318 1832
289 98 1833
293 444 1834
312 259 1835
322 116 1836
329 100 1837
408 109 1838
481 300 1839
574 46 1840
850 107 1841
1824 1823 1842
65 258 1843
76 869 1844
77 377 1845
89 604 1846
97 290 1847
104 502 1848
109 348 1849
115 473 1850
116 367 1851
119 750 1852
269 263 1853
293 111 1854
293 282 1855
305 450 1856
309 642 1857
349 299 1858
458 261 1859
478 265 1860
673 422 1861
674 260 1862
798 329 1863
1023 306 1864
1235 1845 1865
1821 1698 1866
67 272 1867
71 473 1868
73 88 1869
78 1595 1870
80 484 1871
98 862 1872
99 267 1873
104 280 1874
104 288 1875
109 1137 1876
110 581 1877
114 366 1878
115 407 1879
257 44 1880
261 296 1881
282 115 1882
286 412 1883
309 961 1884
342 818 1885
360 111 1886
389 1403 1887
432 517 1888
555 32 1889
636 1887 1890
872 1870 1891
873 306 1892
1025 297 1893
1092 1891 1894
1452 265 1895
1869 1885 1896
1871 1896 1897
66 437 1898
71 535 1899
87 347 1900
108 553 1901
114 262 1902
118 316 1903
119 631 1904
272 421 1905
283 270 1906
287 992 1907
291 119 1908
303 580 1909
341 100 1910
344 280 1911
346 101 1912
363 116 1913
368 284 1914
426 352 1915
432 44 1916
520 1915 1917
530 409 1918
715 32 1919
946 1917 1920
1013 111 1921
1110 1907 1922
71 807 1923
82 1096 1924
84 58 1925
104 1233 1926
105 473 1927
109 112 1928
115 39 1929
115 1228 1930
256 280 1931
259 296 1932
271 338 1933
283 861 1934
285 289 1935
308 769 1936
317 44 1937
322 107 1938
323 382 1939
346 276 1940
417 58 1941
501 269 1942
501 338 1943
503 331 1944
581 1451 1945
588 1924 1946
591 297 1947
1378 265 1948
1413 339 1949
1508 1946 1950
1652 1950 1951
1654 1597 1952
66 663 1953
107 269 1954
112 561 1955
257 32 1956
264 115 1957
272 364 1958
274 109 1959
277 391 1960
278 565 1961
283 269 1962
285 467 1963
289 102 1964
365 931 1965
374 288 1966
386 280 1967
445 370 1968
545 1545 1969
571 262 1970
615 263 1971
635 1044 1972
697 258 1973
1362 361 1974
1936 372 1975
66 111 1976
67 739 1977
70 70 1978
98 472 1979
104 412 1980
110 698 1981
110 784 1982
112 312 1983
119 272 1984
274 259 1985
289 108 1986
292 325 1987
312 44 1988
384 260 1989
428 39 1990
441 258 1991
442 118 1992
449 1047 1993
644 32 1994
863 872 1995
1112 321 1996
1133 304 1997
1729 1995 1998
1898 1801 1999
1977 1978 2000
1998 1999 2001
73 68 2002
76 105 2003
76 117 2004
99 258 2005
99 339 2006
103 334 2007
103 1148 2008
104 615 2009
108 102 2010
110 310 2011
263 265 2012
283 741 2013
284 288 2014
284 419 2015
290 101 2016
326 1010 2017
365 278 2018
372 115 2019
475 388 2020
488 110 2021
759 407 2022
820 551 2023
834 32 2024
948 290 2025
66 398 2026
67 267 2027
73 293 2028
78 531 2029
105 302 2030
112 1186 2031
116 379 2032
119 966 2033
263 376 2034
276 33 2035
287 300 2036
305 119 2037
322 340 2038
329 290 2039
366 279 2040
380 857 2041
392 275 2042
433 2029 2043
477 305 2044
735 32 2045
769 361 2046
819 121 2047
870 275 2048
948 774 2049
973 935 2050
1089 2043 2051
1406 58 2052
1518 272 2053
67 609 2054
70 538 2055
77 1547 2056
80 82 2057
83 678 2058
98 478 2059
101 386 2060
105 586 2061
108 280 2062
108 1705 2063
110 586 2064
114 313 2065
115 1347 2066
119 111 2067
257 46 2068
257 524 2069
259 264 2070
266 812 2071
289 100 2072
325 265 2073
341 99 2074
399 256 2075
402 298 2076
535 531 2077
541 297 2078
761 107 2079
831 364 2080
1024 371 2081
1192 304 2082
1203 679 2083
2054 296 2084
2057 670 2085
58 603 2086
67 458 2087
73 1075 2088
98 1664 2089
100 259 2090
103 630 2091
107 752 2092
108 281 2093
109 698 2094
111 363 2095
112 848 2096
116 407 2097
118 356 2098
257 677 2099
264 401 2100
274 306 2101
276 486 2102
287 676 2103
291 498 2104
292 287 2105
292 400 2106
317 1684 2107
368 704 2108
436 117 2109
438 999 2110
461 324 2111
521 943 2112
993 258 2113
1093 371 2114
1118 266 2115
2026 2103 2116
32 378 2117
98 319 2118
99 1584 2119
100 454 2120
102 614 2121
104 671 2122
118 319 2123
261 309 2124
265 280 2125
269 290 2126
277 278 2127
307 291 2128
354 677 2129
380 59 2130
449 115 2131
525 46 2132
593 269 2133
616 32 2134
798 107 2135
1322 266 2136
1913 401 2137
2058 2061 2138
70 1352 2139
83 487 2140
102 327 2141
102 398 2142
115 327 2143
115 449 2144
116 748 2145
116 1183 2146
281 500 2147
285 278 2148
286 1233 2149
405 329 2150
431 281 2151
450 270 2152
465 101 2153
513 260 2154
632 829 2155
661 261 2156
724 517 2157
730 32 2158
1255 435 2159
1611 311 2160
2056 2109 2161
68 600 2162
74 111 2163
80 111 2164
83 269 2165
84 111 2166
98 117 2167
100 63 2168
101 524 2169
112 430 2170
112 1405 2171
115 109 2172
116 782 2173
261 558 2174
263 44 2175
272 298 2176
272 348 2177
276 386 2178
277 394 2179
287 278 2180
292 46 2181
292 379 2182
302 389 2183
302 704 2184
309 100 2185
309 594 2186
315 101 2187
334 350 2188
353 434 2189
390 932 2190
449 371 2191
450 640 2192
511 347 2193
528 413 2194
646 46 2195
653 32 2196
676 712 2197
1012 413 2198
1068 387 2199
1133 273 2200
1153 321 2201
1275 331 2202
67 266 2203
70 76 2204
70 2002 2205
77 1945 2206
90 1476 2207
103 298 2208
104 942 2209
109 414 2210
109 750 2211
110 1019 2212
116 366 2213
256 333 2214
263 297 2215
264 534 2216
269 115 2217
272 46 2218
274 2010 2219
293 899 2220
301 259 2221
302 339 2222
324 943 2223
326 278 2224
326 360 2225
380 112 2226
409 397 2227
457 455 2228
588 2205 2229
753 44 2230
791 478 2231
809 2207 2232
810 343 2233
1012 351 2234
1142 401 2235
1557 58 2236
1670 321 2237
1853 367 2238
2003 343 2239
2204 2232 2240
2206 800 2241
2229 506 2242
67 827 2243
67 1310 2244
73 535 2245
76 531 2246
77 505 2247
84 383 2248
84 535 2249
86 437 2250
112 105 2251
114 312 2252
264 102 2253
275 324 2254
283 1402 2255
286 101 2256
290 263 2257
296 388 2258
303 658 2259
339 280 2260
346 469 2261
353 487 2262
362 73 2263
368 655 2264
378 32 2265
403 258 2266
441 116 2267
681 32 2268
683 2231 2269
686 298 2270
688 504 2271
1089 1317 2272
1800 302 2273
2142 107 2274
2244 399 2275
32 768 2276
67 104 2277
83 69 2278
87 379 2279
97 902 2280
101 298 2281
102 305 2282
106 1227 2283
109 312 2284
117 273 2285
285 534 2286
287 44 2287
292 538 2288
312 495 2289
316 477 2290
335 306 2291
356 46 2292
397 46 2293
416 261 2294
457 652 2295
464 261 2296
479 300 2297
503 260 2298
575 260 2299
593 639 2300
612 821 2301
636 46 2302
710 1280 2303
738 32 2304
1569 110 2305
1923 992 2306
2165 2052 2307
58 385 2308
65 1532 2309
65 1892 2310
71 1598 2311
77 400 2312
100 631 2313
101 526 2314
102 565 2315
109 98 2316
112 97 2317
114 542 2318
118 375 2319
119 312 2320
119 546 2321
272 260 2322
276 63 2323
279 425 2324
292 329 2325
296 443 2326
302 256 2327
320 509 2328
359 264 2329
372 371 2330
441 398 2331
444 321 2332
510 1599 2333
520 1300 2334
523 102 2335
584 107 2336
627 1185 2337
651 32 2338
733 275 2339
820 400 2340
947 67 2341
972 2334 2342
983 103 2343
1013 268 2344
1032 256 2345
1068 1669 2346
1404 263 2347
1412 371 2348
1542 321 2349
1759 821 2350
2278 2342 2351
2351 58 2352
79 87 2353
80 444 2354
87 1141 2355
97 260 2356
100 321 2357
109 1541 2358
116 312 2359
118 393 2360
266 380 2361
280 291 2362
283 111 2363
287 1959 2364
289 353 2365
292 318 2366
301 269 2367
302 99 2368
326 495 2369
376 291 2370
376 350 2371
381 497 2372
424 32 2373
449 264 2374
449 301 2375
451 952 2376
490 267 2377
498 44 2378
541 102 2379
550 310 2380
635 768 2381
637 318 2382
842 121 2383
1031 268 2384
1045 107 2385
1067 370 2386
1131 1285 2387
1192 273 2388
1237 295 2389
1323 983 2390
1748 401 2391
2087 379 2392
2341 506 2393
2346 1245 2394
66 1049 2395
66 2245 2396
67 97 2397
68 887 2398
73 261 2399
73 1841 2400
78 111 2401
80 114 2402
86 398 2403
98 312 2404
98 341 2405
99 329 2406
100 33 2407
102 111 2408
103 313 2409
103 337 2410
109 619 2411
115 618 2412
116 1450 2413
117 97 2414
258 279 2415
264 97 2416
270 340 2417
272 100 2418
272 101 2419
292 966 2420
317 100 2421
323 291 2422
363 108 2423
519 331 2424
541 600 2425
607 260 2426
655 318 2427
844 273 2428
970 321 2429
1182 639 2430
1296 257 2431
1558 990 2432
1641 759 2433
1822 370 2434
2395 2364 2435
2396 2398 2436
2436 332 2437
98 431 2438
103 414 2439
103 562 2440
104 612 2441
105 268 2442
111 98 2443
112 403 2444
116 121 2445
116 1156 2446
262 257 2447
264 348 2448
284 111 2449
286 319 2450
333 319 2451
349 364 2452
356 265 2453
363 366 2454
381 310 2455
391 382 2456
417 59 2457
441 112 2458
502 269 2459
548 585 2460
582 281 2461
690 270 2462
914 356 2463
1091 2274 2464
1112 401 2465
2311 2391 2466
32 605 2467
79 80 2468
87 393 2469
98 1136 2470
104 1605 2471
107 713 2472
109 569 2473
115 287 2474
119 916 2475
257 563 2476
265 279 2477
276 395 2478
283 699 2479
294 1469 2480
306 632 2481
320 355 2482
320 729 2483
329 118 2484
349 304 2485
368 261 2486
374 1204 2487
433 2249 2488
498 46 2489
510 346 2490
519 2046 2491
541 370 2492
588 1253 2493
593 103 2494
1226 256 2495
1459 860 2496
1582 258 2497
2381 2493 2498
2488 377 2499
2498 2246 2500
65 117 2501
65 1176 2502
66 1046 2503
78 671 2504
84 538 2505
90 2502 2506
97 456 2507
100 458 2508
101 401 2509
105 380 2510
112 269 2511
115 514 2512
118 281 2513
119 315 2514
121 444 2515
122 256 2516
258 280 2517
266 445 2518
276 453 2519
276 491 2520
283 316 2521
283 505 2522
296 289 2523
298 355 2524
301 59 2525
303 492 2526
317 58 2527
317 259 2528
350 464 2529
363 846 2530
398 340 2531
451 605 2532
483 259 2533
590 436 2534
597 416 2535
597 492 2536
641 257 2537
664 261 2538
702 429 2539
795 340 2540
824 339 2541
868 399 2542
1146 99 2543
1236 108 2544
1399 1049 2545
1714 460 2546
1899 2506 2547
1990 263 2548
39 115 2549
72 437 2550
76 505 2551
77 861 2552
80 288 2553
98 281 2554
100 784 2555
100 1971 2556
109 606 2557
109 1088 2558
115 532 2559
116 59 2560
257 1232 2561
275 336 2562
279 705 2563
283 577 2564
286 262 2565
305 103 2566
315 316 2567
316 46 2568
346 600 2569
356 44 2570
363 273 2571
376 279 2572
384 938 2573
405 310 2574
409 32 2575
413 277 2576
428 120 2577
464 495 2578
499 118 2579
503 257 2580
510 284 2581
665 339 2582
691 44 2583
719 266 2584
787 375 2585
819 264 2586
902 263 2587
1135 116 2588
2503 445 2589
32 267 2590
65 335 2591
68 377 2592
70 97 2593
73 804 2594
99 1034 2595
101 257 2596
102 1155 2597
102 1352 2598
103 348 2599
105 334 2600
108 315 2601
110 287 2602
115 740 2603
117 98 2604
119 596 2605
121 395 2606
256 291 2607
264 1647 2608
290 1938 2609
294 373 2610
302 821 2611
303 524 2612
325 361 2613
337 112 2614
354 524 2615
359 431 2616
360 441 2617
368 346 2618
372 373 2619
380 33 2620
432 327 2621
435 261 2622
444 290 2623
503 107 2624
510 1864 2625
570 547 2626
588 2592 2627
609 298 2628
636 272 2629
765 1194 2630
776 458 2631
782 339 2632
825 112 2633
827 116 2634
828 401 2635
871 2077 2636
1020 356 2637
1243 2627 2638
2000 2110 2639
2116 107 2640
2354 408 2641
2550 2636 2642
68 459 2643
74 79 2644
76 438 2645
76 2518 2646
77 497 2647
80 2073 2648
83 400 2649
97 358 2650
97 911 2651
99 543 2652
100 1550 2653
101 266 2654
102 101 2655
105 97 2656
105 801 2657
115 356 2658
115 431 2659
116 920 2660
256 275 2661
259 323 2662
263 850 2663
264 46 2664
272 388 2665
274 112 2666
276 104 2667
289 394 2668
305 100 2669
312 63 2670
335 292 2671
346 424 2672
347 291 2673
360 499 2674
374 265 2675
374 524 2676
405 270 2677
445 304 2678
510 314 2679
541 344 2680
571 285 2681
632 2101 2682
691 46 2683
713 259 2684
841 608 2685
865 382 2686
871 1057 2687
941 413 2688
973 500 2689
1026 261 2690
1255 823 2691
1318 938 2692
2501 2542 2693
2645 68 2694
2687 2643 2695
45 1407 2696
58 300 2697
59 365 2698
72 78 2699
72 1564 2700
83 535 2701
87 610 2702
102 602 2703
104 706 2704
105 340 2705
109 602 2706
114 315 2707
115 336 2708
115 530 2709
116 418 2710
121 45 2711
121 2202 2712
259 370 2713
271 1527 2714
279 416 2715
283 569 2716
286 936 2717
289 647 2718
292 418 2719
298 489 2720
322 570 2721
325 712 2722
349 2123 2723
353 319 2724
354 536 2725
360 335 2726
376 324 2727
380 421 2728
494 329 2729
498 261 2730
501 268 2731
516 46 2732
523 2183 2733
525 589 2734
537 275 2735
580 258 2736
581 407 2737
599 1694 2738
609 414 2739
628 340 2740
686 348 2741
710 1776 2742
710 2307 2743
723 364 2744
796 258 2745
804 116 2746
914 514 2747
1007 32 2748
1443 694 2749
1506 275 2750
1540 1407 2751
1564 298 2752
1797 829 2753
2085 2738 2754
2644 2699 2755
2701 58 2756
32 415 2757
66 85 2758
83 1511 2759
83 1955 2760
84 1141 2761
98 272 2762
101 451 2763
102 325 2764
104 316 2765
104 725 2766
105 398 2767
110 327 2768
257 543 2769
257 993 2770
259 392 2771
263 258 2772
263 298 2773
264 278 2774
266 564 2775
269 893 2776
271 563 2777
278 608 2778
283 544 2779
284 748 2780
284 966 2781
290 111 2782
290 375 2783
303 1527 2784
309 762 2785
311 256 2786
317 119 2787
360 270 2788
360 282 2789
363 2382 2790
365 102 2791
366 280 2792
374 536 2793
381 383 2794
390 348 2795
392 555 2796
405 108 2797
408 112 2798
411 291 2799
431 306 2800
525 666 2801
643 32 2802
686 334 2803
780 265 2804
797 370 2805
819 265 2806
973 932 2807
979 46 2808
1311 273 2809
1361 306 2810
1738 107 2811
2027 2767 2812
2152 1789 2813
2812 266 2814
65 71 2815
65 114 2816
67 459 2817
71 97 2818
73 82 2819
73 84 2820
76 2332 2821
78 1925 2822
80 270 2823
83 544 2824
84 794 2825
99 330 2826
99 337 2827
100 421 2828
101 267 2829
102 282 2830
104 454 2831
105 1757 2832
108 581 2833
112 367 2834
112 478 2835
116 287 2836
116 869 2837
259 324 2838
261 267 2839
261 786 2840
276 431 2841
277 44 2842
283 812 2843
286 267 2844
289 911 2845
292 429 2846
300 98 2847
323 279 2848
335 938 2849
341 103 2850
351 1198 2851
367 32 2852
372 306 2853
375 265 2854
376 280 2855
381 329 2856
411 705 2857
441 104 2858
464 32 2859
485 323 2860
494 280 2861
503 452 2862
517 298 2863
552 369 2864
557 388 2865
575 2105 2866
595 32 2867
607 100 2868
624 2825 2869
686 414 2870
700 376 2871
828 442 2872
913 382 2873
968 639 2874
1081 261 2875
1238 101 2876
1258 264 2877
1321 107 2878
1354 406 2879
1437 422 2880
1442 306 2881
1662 263 2882
1691 410 2883
1970 260 2884
2694 32 2885
2869 1953 2886
66 469 2887
66 2634 2888
73 960 2889
77 97 2890
80 263 2891
98 421 2892
102 951 2893
103 857 2894
105 256 2895
107 2610 2896
257 741 2897
264 512 2898
267 58 2899
271 543 2900
272 414 2901
272 1015 2902
277 960 2903
292 315 2904
301 58 2905
305 389 2906
312 58 2907
325 103 2908
329 292 2909
336 279 2910
341 258 2911
341 680 2912
346 711 2913
350 388 2914
353 97 2915
354 288 2916
394 111 2917
442 1376 2918
449 586 2919
450 105 2920
501 288 2921
527 351 2922
541 107 2923
591 99 2924
652 761 2925
653 397 2926
760 2377 2927
941 351 2928
968 1340 2929
1105 295 2930
1151 323 2931
1235 663 2932
1436 256 2933
1509 265 2934
1548 256 2935
1561 257 2936
2888 618 2937
32 555 2938
66 1300 2939
71 305 2940
71 2829 2941
72 318 2942
75 315 2943
77 551 2944
80 108 2945
83 2266 2946
98 270 2947
98 774 2948
98 1878 2949
99 312 2950
99 398 2951
100 546 2952
100 1453 2953
101 936 2954
103 329 2955
103 480 2956
107 974 2957
108 287 2958
111 321 2959
112 1832 2960
114 270 2961
115 620 2962
115 1706 2963
116 321 2964
117 902 2965
118 1398 2966
119 610 2967
266 289 2968
278 1463 2969
286 671 2970
287 58 2971
289 293 2972
291 98 2973
291 115 2974
292 2343 2975
298 324 2976
299 2281 2977
302 522 2978
303 543 2979
312 395 2980
315 276 2981
323 509 2982
325 1285 2983
327 290 2984
335 121 2985
339 279 2986
346 429 2987
353 270 2988
359 1614 2989
363 104 2990
363 296 2991
368 1599 2992
368 1969 2993
411 382 2994
412 386 2995
416 391 2996
432 112 2997
463 1210 2998
477 1483 2999
505 118 3000
515 373 3001
556 275 3002
612 1424 3003
673 281 3004
685 1463 3005
702 400 3006
739 459 3007
760 398 3008
780 264 3009
962 1776 3010
969 1137 3011
972 76 3012
1013 473 3013
1027 900 3014
1097 504 3015
1102 65 3016
1144 259 3017
1177 2427 3018
1187 2250 3019
1644 105 3020
2014 266 3021
2247 1859 3022
2939 2817 3023
3019 352 3024
65 76 3025
65 304 3026
66 2353 3027
69 120 3028
69 1038 3029
71 588 3030
73 1617 3031
77 101 3032
78 586 3033
82 487 3034
84 408 3035
89 654 3036
103 103 3037
107 1957 3038
109 752 3039
109 1888 3040
111 373 3041
112 444 3042
112 584 3043
115 285 3044
119 101 3045
119 2497 3046
271 536 3047
272 567 3048
279 319 3049
285 667 3050
286 316 3051
286 694 3052
289 283 3053
292 270 3054
292 833 3055
308 32 3056
309 884 3057
310 32 3058
320 664 3059
326 293 3060
326 1276 3061
380 549 3062
381 313 3063
392 355 3064
405 111 3065
413 323 3066
417 100 3067
444 44 3068
477 109 3069
489 46 3070
494 379 3071
496 3027 3072
501 677 3073
523 2319 3074
528 488 3075
574 59 3076
583 300 3077
610 256 3078
613 46 3079
618 263 3080
879 1238 3081
894 259 3082
926 1572 3083
1005 44 3084
1028 637 3085
1033 32 3086
1091 257 3087
1162 46 3088
1188 46 3089
1225 740 3090
1425 364 3091
1460 378 3092
1926 410 3093
2150 483 3094
2276 3030 3095
2755 3095 3096
3072 58 3097
3096 2822 3098
32 1281 3099
39 304 3100
51 3099 3101
65 77 3102
72 706 3103
72 976 3104
72 1063 3105
76 472 3106
77 949 3107
79 120 3108
84 89 3109
84 848 3110
85 531 3111
98 1602 3112
100 596 3113
101 317 3114
103 110 3115
103 335 3116
103 339 3117
108 270 3118
109 315 3119
109 524 3120
110 32 3121
112 984 3122
112 1610 3123
114 311 3124
116 58 3125
117 325 3126
118 367 3127
119 619 3128
119 782 3129
261 592 3130
264 99 3131
266 99 3132
271 492 3133
271 524 3134
272 44 3135
276 801 3136
277 58 3137
278 1852 3138
279 351 3139
281 935 3140
283 267 3141
283 414 3142
287 45 3143
287 293 3144
289 99 3145
289 284 3146
289 381 3147
292 295 3148
312 59 3149
322 720 3150
336 323 3151
350 659 3152
356 866 3153
358 706 3154
375 306 3155
380 63 3156
381 1183 3157
394 549 3158
395 471 3159
399 339 3160
417 63 3161
481 281 3162
510 704 3163
511 270 3164
540 260 3165
547 44 3166
591 118 3167
609 348 3168
649 101 3169
660 323 3170
678 267 3171
683 99 3172
753 59 3173
766 323 3174
785 46 3175
851 382 3176
927 300 3177
970 261 3178
1004 318 3179
1005 46 3180
1310 1018 3181
1494 492 3182
1794 258 3183
2149 410 3184
2621 112 3185
2815 3111 3186
3101 73 3187
3104 2217 3188
3107 3186 3189
3108 296 3190
39 454 3191
68 469 3192
69 110 3193
75 1084 3194
80 282 3195
89 282 3196
97 490 3197
98 295 3198
98 2113 3199
99 679 3200
99 862 3201
99 1438 3202
100 281 3203
100 1063 3204
100 1432 3205
101 399 3206
101 532 3207
102 732 3208
102 987 3209
102 2623 3210
103 1438 3211
104 500 3212
106 327 3213
112 1064 3214
115 367 3215
115 398 3216
115 640 3217
116 63 3218
117 801 3219
119 590 3220
119 2025 3221
259 347 3222
264 298 3223
266 717 3224
269 105 3225
279 452 3226
283 595 3227
288 101 3228
289 346 3229
293 1136 3230
294 261 3231
296 467 3232
296 512 3233
303 542 3234
311 436 3235
325 1532 3236
333 277 3237
334 461 3238
350 443 3239
356 261 3240
359 2366 3241
360 325 3242
365 1029 3243
374 1121 3244
399 348 3245
407 261 3246
428 373 3247
435 110 3248
458 112 3249
477 98 3250
501 344 3251
515 118 3252
564 266 3253
569 385 3254
591 724 3255
607 1751 3256
744 102 3257
780 364 3258
807 435 3259
841 295 3260
1000 333 3261
1045 257 3262
1113 306 3263
1147 802 3264
1188 44 3265
1225 1040 3266
1225 3126 3267
1380 264 3268
1439 266 3269
1466 322 3270
1976 2831 3271
2141 361 3272
2147 259 3273
2577 258 3274
3087 2301 3275
3194 270 3276
32 351 3277
32 572 3278
39 273 3279
65 84 3280
65 108 3281
68 2820 3282
71 73 3283
76 2902 3284
80 2507 3285
86 2819 3286
97 600 3287
98 334 3288
100 270 3289
100 516 3290
100 2038 3291
102 319 3292
102 401 3293
102 698 3294
103 315 3295
104 936 3296
108 833 3297
108 1049 3298
109 821 3299
115 335 3300
115 2567 3301
116 305 3302
117 256 3303
119 1381 3304
259 351 3305
259 425 3306
260 279 3307
260 280 3308
263 114 3309
263 369 3310
264 279 3311
270 108 3312
277 257 3313
277 346 3314
282 258 3315
290 1179 3316
305 373 3317
313 112 3318
324 558 3319
333 623 3320
349 109 3321
353 481 3322
353 732 3323
355 291 3324
363 1893 3325
367 470 3326
392 718 3327
399 101 3328
399 118 3329
408 100 3330
449 1041 3331
455 298 3332
465 595 3333
480 355 3334
498 1683 3335
516 44 3336
713 994 3337
763 58 3338
838 46 3339
841 112 3340
844 263 3341
844 318 3342
846 2453 3343
884 634 3344
925 291 3345
933 44 3346
939 375 3347
973 2417 3348
990 46 3349
1254 3282 3350
1291 46 3351
1354 317 3352
1404 318 3353
1449 539 3354
1494 432 3355
1579 1191 3356
1834 401 3357
1993 105 3358
2016 263 3359
2028 1602 3360
2095 399 3361
2120 110 3362
2269 407 3363
2646 746 3364
2775 514 3365
3283 3007 3366
3286 3366 3367
3350 459 3368
33 714 3369
39 269 3370
65 1240 3371
72 310 3372
72 1328 3373
73 504 3374
76 663 3375
77 1601 3376
77 3179 3377
83 587 3378
83 3375 3379
84 901 3380
97 494 3381
98 562 3382
102 619 3383
102 1232 3384
103 674 3385
105 331 3386
111 292 3387
112 976 3388
119 984 3389
119 1798 3390
257 267 3391
261 738 3392
277 63 3393
278 272 3394
278 1347 3395
279 485 3396
283 429 3397
284 312 3398
286 272 3399
286 1605 3400
290 313 3401
290 2984 3402
296 364 3403
303 1328 3404
312 669 3405
313 116 3406
317 316 3407
319 394 3408
326 284 3409
336 316 3410
336 382 3411
336 589 3412
339 333 3413
349 264 3414
353 327 3415
360 327 3416
365 1266 3417
367 46 3418
389 110 3419
391 324 3420
436 414 3421
445 1767 3422
454 1168 3423
455 110 3424
455 1851 3425
477 2433 3426
514 279 3427
528 323 3428
541 2423 3429
597 621 3430
625 256 3431
636 44 3432
641 306 3433
661 46 3434
681 102 3435
682 258 3436
685 596 3437
685 702 3438
686 366 3439
747 943 3440
770 295 3441
773 517 3442
796 46 3443
820 2654 3444
825 109 3445
830 382 3446
832 288 3447
939 256 3448
947 1300 3449
962 1280 3450
965 46 3451
1086 262 3452
1089 2932 3453
1093 301 3454
1107 32 3455
1178 298 3456
1203 2201 3457
1318 100 3458
1345 2405 3459
1346 32 3460
1443 1488 3461
1466 1155 3462
1641 1331 3463
1690 268 3464
1756 256 3465
1784 792 3466
2277 2909 3467
2283 103 3468
2496 321 3469
2591 369 3470
2913 1018 3471
3267 108 3472
3449 459 3473
71 920 3474
71 1838 3475
72 270 3476
80 505 3477
80 2263 3478
83 288 3479
83 473 3480
86 263 3481
87 984 3482
98 335 3483
98 1252 3484
99 263 3485
99 408 3486
99 1064 3487
100 264 3488
100 295 3489
100 306 3490
101 634 3491
102 379 3492
103 942 3493
105 122 3494
105 298 3495
108 952 3496
110 1831 3497
111 297 3498
114 553 3499
116 424 3500
119 561 3501
119 1141 3502
121 256 3503
121 2832 3504
257 329 3505
258 291 3506
261 509 3507
264 44 3508
264 105 3509
277 440 3510
277 1211 3511
278 429 3512
278 1660 3513
279 363 3514
282 112 3515
284 631 3516
284 2153 3517
285 755 3518
286 288 3519
286 612 3520
289 112 3521
289 405 3522
292 267 3523
295 108 3524
305 678 3525
305 2041 3526
305 2329 3527
309 751 3528
309 1462 3529
312 121 3530
317 103 3531
318 280 3532
320 592 3533
326 405 3534
339 413 3535
350 585 3536
350 695 3537
354 1121 3538
376 461 3539
380 273 3540
392 589 3541
393 301 3542
394 268 3543
394 1148 3544
395 950 3545
409 875 3546
444 259 3547
454 570 3548
458 32 3549
463 263 3550
465 46 3551
466 275 3552
467 275 3553
475 443 3554
478 256 3555
494 410 3556
521 552 3557
527 413 3558
550 419 3559
557 443 3560
591 116 3561
649 577 3562
683 112 3563
702 110 3564
753 63 3565
765 1465 3566
824 298 3567
829 368 3568
835 413 3569
954 275 3570
1002 116 3571
1163 364 3572
1169 109 3573
1362 712 3574
1375 348 3575
1428 703 3576
1459 1704 3577
1482 310 3578
1501 1614 3579
1665 829 3580
1708 256 3581
1733 297 3582
1781 259 3583
1906 329 3584
1982 259 3585
2065 112 3586
2131 1453 3587
2508 110 3588
2534 269 3589
2641 1586 3590
2945 3589 3591
3478 352 3592
32 585 3593
32 971 3594
39 292 3595
39 386 3596
65 100 3597
65 109 3598
72 282 3599
80 417 3600
83 596 3601
97 297 3602
97 431 3603
98 869 3604
102 312 3605
102 317 3606
108 264 3607
109 618 3608
110 985 3609
111 44 3610
111 46 3611
114 272 3612
116 679 3613
116 1902 3614
118 298 3615
118 403 3616
118 1215 3617
257 562 3618
264 292 3619
264 735 3620
266 386 3621
266 893 3622
266 1157 3623
271 1630 3624
272 97 3625
277 931 3626
278 295 3627
278 1228 3628
280 279 3629
280 324 3630
282 257 3631
283 264 3632
284 310 3633
285 464 3634
286 536 3635
289 1160 3636
289 1240 3637
289 1483 3638
291 109 3639
293 1094 3640
327 298 3641
335 2118 3642
337 98 3643
355 275 3644
358 1669 3645
360 305 3646
376 415 3647
381 1043 3648
389 115 3649
394 117 3650
394 866 3651
411 1008 3652
435 32 3653
451 799 3654
456 270 3655
472 368 3656
481 46 3657
489 44 3658
570 1562 3659
625 276 3660
656 413 3661
690 620 3662
737 1864 3663
753 33 3664
825 296 3665
835 351 3666
847 650 3667
874 537 3668
889 2740 3669
897 368 3670
967 367 3671
983 290 3672
988 858 3673
1020 264 3674
1182 296 3675
1229 551 3676
1264 3299 3677
1313 456 3678
1718 1280 3679
1772 46 3680
1833 585 3681
2004 2432 3682
2082 333 3683
2166 268 3684
2458 759 3685
2890 746 3686
2966 891 3687
3276 2416 3688
3477 2414 3689
32 88 3690
33 39 3691
65 98 3692
66 270 3693
67 387 3694
67 2981 3695
68 316 3696
68 438 3697
69 3312 3698
70 329 3699
76 362 3700
83 1852 3701
84 119 3702
84 506 3703
87 267 3704
87 880 3705
97 1297 3706
98 318 3707
98 516 3708
98 538 3709
99 413 3710
99 611 3711
99 1830 3712
103 393 3713
103 1667 3714
103 2238 3715
104 487 3716
109 295 3717
109 595 3718
110 596 3719
114 869 3720
115 259 3721
115 359 3722
115 375 3723
115 602 3724
115 678 3725
115 916 3726
116 337 3727
116 384 3728
117 704 3729
118 276 3730
118 398 3731
118 414 3732
119 2151 3733
259 754 3734
261 264 3735
262 843 3736
277 405 3737
278 1335 3738
280 425 3739
283 263 3740
284 97 3741
285 659 3742
285 998 3743
287 353 3744
290 1811 3745
292 502 3746
292 548 3747
294 1014 3748
296 397 3749
296 468 3750
300 498 3751
309 571 3752
316 1683 3753
319 110 3754
320 705 3755
326 283 3756
326 1883 3757
334 280 3758
335 933 3759
339 291 3760
356 1830 3761
360 848 3762
361 706 3763
372 1084 3764
394 1127 3765
397 806 3766
399 292 3767
409 510 3768
435 46 3769
436 103 3770
464 44 3771
478 401 3772
479 443 3773
481 265 3774
488 259 3775
488 2421 3776
498 58 3777
508 876 3778
513 843 3779
532 79 3780
550 409 3781
552 1326 3782
583 32 3783
583 388 3784
586 1631 3785
609 101 3786
641 1928 3787
665 103 3788
665 1392 3789
685 400 3790
685 1955 3791
696 385 3792
700 259 3793
776 1859 3794
798 290 3795
805 256 3796
815 324 3797
842 265 3798
882 100 3799
937 2078 3800
969 848 3801
1002 115 3802
1086 264 3803
1086 298 3804
1275 364 3805
1288 32 3806
1322 269 3807
1358 397 3808
1397 32 3809
1448 1159 3810
1534 358 3811
1536 1326 3812
1586 744 3813
1590 116 3814
1710 258 3815
2074 406 3816
2243 117 3817
2263 1476 3818
2403 115 3819
2469 1507 3820
2975 257 3821
3164 1667 3822
3328 117 3823
3482 992 3824
3690 579 3825
3698 617 3826
3700 3703 3827
3705 3825 3828
3778 3828 3829
32 341 3830
32 1429 3831
58 537 3832
65 278 3833
65 612 3834
66 337 3835
70 295 3836
75 2721 3837
77 269 3838
77 281 3839
80 1140 3840
80 2756 3841
82 111 3842
82 1166 3843
83 3102 3844
84 379 3845
84 418 3846
98 121 3847
98 266 3848
99 581 3849
100 318 3850
102 421 3851
103 473 3852
104 327 3853
104 952 3854
105 522 3855
106 551 3856
108 669 3857
108 832 3858
109 375 3859
109 444 3860
112 315 3861
115 2215 3862
119 264 3863
119 313 3864
261 1082 3865
263 321 3866
271 287 3867
274 1392 3868
278 439 3869
278 1511 3870
285 271 3871
286 611 3872
287 284 3873
292 977 3874
293 1241 3875
294 673 3876
296 534 3877
303 2752 3878
316 1108 3879
317 109 3880
325 297 3881
326 353 3882
334 291 3883
335 2316 3884
347 392 3885
355 392 3886
356 263 3887
359 122 3888
390 101 3889
393 493 3890
409 456 3891
409 537 3892
412 2118 3893
434 720 3894
436 101 3895
450 469 3896
450 516 3897
509 858 3898
538 107 3899
543 341 3900
591 2160 3901
646 63 3902
667 388 3903
686 339 3904
699 772 3905
702 1576 3906
723 522 3907
796 3419 3908
804 258 3909
841 1588 3910
1010 364 3911
1030 323 3912
1087 256 3913
1100 321 3914
1163 2728 3915
1239 259 3916
1283 258 3917
1336 259 3918
1345 3003 3919
1411 424 3920
1458 3843 3921
1498 1212 3922
1501 431 3923
1718 1922 3924
1728 761 3925
1736 63 3926
1783 318 3927
1808 516 3928
1814 312 3929
1952 386 3930
1964 401 3931
1984 567 3932
2017 364 3933
2084 340 3934
2163 104 3935
2530 779 3936
2593 299 3937
2937 97 3938
2955 787 3939
3271 2656 3940
3600 1329 3941
3834 263 3942
3837 58 3943
3839 1168 3944
3844 3841 3945
3921 352 3946
32 413 3947
32 604 3948
44 39 3949
59 300 3950
65 449 3951
69 88 3952
76 282 3953
80 499 3954
82 663 3955
86 264 3956
98 298 3957
98 566 3958
98 611 3959
98 1148 3960
98 1286 3961
100 403 3962
100 2614 3963
102 263 3964
103 444 3965
104 270 3966
104 298 3967
107 428 3968
112 400 3969
116 267 3970
117 304 3971
117 367 3972
119 977 3973
119 1215 3974
121 2060 3975
259 336 3976
261 323 3977
261 527 3978
264 468 3979
266 290 3980
269 101 3981
271 993 3982
274 295 3983
277 59 3984
279 326 3985
282 371 3986
283 606 3987
284 1141 3988
289 115 3989
292 403 3990
293 600 3991
296 695 3992
298 474 3993
301 389 3994
308 3713 3995
309 323 3996
309 1132 3997
312 344 3998
312 553 3999
313 257 4000
317 59 4001
317 266 4002
320 291 4003
337 288 4004
337 373 4005
349 1055 4006
351 309 4007
357 577 4008
359 121 4009
359 302 4010
360 1686 4011
365 1410 4012
367 109 4013
367 883 4014
370 350 4015
372 100 4016
374 398 4017
376 264 4018
376 425 4019
378 46 4020
385 291 4021
395 556 4022
405 614 4023
432 59 4024
432 63 4025
433 1166 4026
435 321 4027
488 300 4028
494 267 4029
501 265 4030
538 802 4031
539 319 4032
552 46 4033
555 2133 4034
572 291 4035
574 58 4036
591 1847 4037
612 112 4038
613 261 4039
619 1019 4040
621 32 4041
628 109 4042
646 58 4043
649 298 4044
651 261 4045
664 63 4046
665 288 4047
683 2660 4048
710 1922 4049
711 704 4050
718 323 4051
733 986 4052
742 351 4053
749 109 4054
780 121 4055
823 261 4056
825 932 4057
836 46 4058
933 46 4059
950 1507 4060
956 259 4061
959 291 4062
980 39 4063
1015 298 4064
1016 32 4065
1028 697 4066
1040 260 4067
1074 376 4068
1109 693 4069
1168 297 4070
1310 314 4071
1318 703 4072
1349 32 4073
1482 270 4074
1580 58 4075
1629 32 4076
1659 802 4077
1783 263 4078
1899 396 4079
1910 1391 4080
2024 1631 4081
2114 333 4082
2192 421 4083
2706 265 4084
2758 3955 4085
3085 265 4086
3195 717 4087
3376 478 4088
3599 460 4089
3675 298 4090
3995 268 4091
4026 4079 4092
32 586 4093
65 1252 4094
66 444 4095
67 481 4096
73 3429 4097
75 1719 4098
76 1058 4099
77 1402 4100
77 1888 4101
80 330 4102
82 97 4103
82 3280 4104
83 517 4105
98 987 4106
99 989 4107
100 1019 4108
101 450 4109
101 712 4110
102 287 4111
102 2858 4112
103 356 4113
103 732 4114
105 389 4115
110 2995 4116
111 99 4117
115 451 4118
115 662 4119
115 977 4120
116 33 4121
116 1327 4122
116 1629 4123
116 3140 4124
119 481 4125
121 282 4126
257 264 4127
261 350 4128
261 656 4129
264 294 4130
266 440 4131
267 261 4132
269 99 4133
270 329 4134
272 443 4135
277 284 4136
277 1097 4137
278 473 4138
284 400 4139
285 284 4140
285 1170 4141
286 706 4142
286 1199 4143
287 479 4144
292 63 4145
295 99 4146
296 101 4147
320 323 4148
320 874 4149
320 2430 4150
324 547 4151
329 523 4152
334 324 4153
334 425 4154
335 600 4155
336 119 4156
340 355 4157
350 397 4158
365 283 4159
365 284 4160
365 1472 4161
372 1195 4162
382 323 4163
409 300 4164
411 351 4165
415 44 4166
417 288 4167
436 606 4168
446 112 4169
449 801 4170
449 1359 4171
460 769 4172
465 261 4173
465 298 4174
476 261 4175
477 3205 4176
483 46 4177
494 400 4178
503 371 4179
515 297 4180
525 58 4181
530 729 4182
530 799 4183
550 1836 4184
560 684 4185
572 279 4186
585 333 4187
590 1270 4188
593 287 4189
615 117 4190
642 1198 4191
700 1531 4192
710 2236 4193
710 2306 4194
723 297 4195
737 284 4196
749 3509 4197
753 58 4198
760 1058 4199
824 348 4200
854 589 4201
860 44 4202
860 263 4203
927 32 4204
956 453 4205
965 44 4206
967 862 4207
969 2667 4208
979 44 4209
1007 3236 4210
1011 413 4211
1025 2208 4212
1111 46 4213
1149 634 4214
1162 44 4215
1171 44 4216
1178 595 4217
1190 3896 4218
1203 1194 4219
1236 258 4220
1258 1465 4221
1313 564 4222
1353 275 4223
1379 603 4224
1380 1041 4225
1412 301 4226
1441 504 4227
1581 259 4228
1586 331 4229
1648 547 4230
1675 277 4231
1749 100 4232
1750 3370 4233
1785 355 4234
1808 472 4235
1895 1575 4236
1914 1381 4237
1926 280 4238
2000 58 4239
2089 493 4240
2091 259 4241
2288 103 4242
2335 620 4243
2403 967 4244
2445 538 4245
2655 336 4246
4104 4239 4247
39 369 4248
39 1197 4249
45 358 4250
58 714 4251
65 394 4252
66 108 4253
66 880 4254
66 2841 4255
68 101 4256
68 276 4257
72 2468 4258
77 563 4259
77 590 4260
82 478 4261
83 903 4262
89 2060 4263
98 276 4264
98 344 4265
100 2318 4266
102 264 4267
103 538 4268
104 422 4269
105 367 4270
105 472 4271
105 781 4272
105 1055 4273
107 101 4274
107 264 4275
109 121 4276
109 478 4277
109 1157 4278
109 2447 4279
110 272 4280
110 500 4281
114 524 4282
114 526 4283
114 669 4284
115 2882 4285
121 115 4286
121 2322 4287
257 1338 4288
264 695 4289
266 2450 4290
269 340 4291
269 493 4292
269 2635 4293
270 265 4294
270 290 4295
271 741 4296
272 534 4297
278 99 4298
278 101 4299
278 282 4300
278 322 4301
279 466 4302
283 1601 4303
285 293 4304
285 1496 4305
286 383 4306
286 615 4307
289 637 4308
292 272 4309
293 862 4310
296 1734 4311
301 109 4312
303 288 4313
309 1810 4314
310 108 4315
310 421 4316
312 491 4317
313 340 4318
316 298 4319
319 353 4320
320 378 4321
320 392 4322
326 1200 4323
334 296 4324
336 666 4325
337 270 4326
339 370 4327
347 309 4328
349 306 4329
350 264 4330
350 367 4331
357 121 4332
359 523 4333
360 403 4334
363 44 4335
369 279 4336
369 355 4337
375 116 4338
378 63 4339
380 3855 4340
382 291 4341
392 762 4342
395 404 4343
397 63 4344
398 720 4345
402 577 4346
408 306 4347
415 300 4348
416 58 4349
419 263 4350
425 547 4351
431 334 4352
433 876 4353
434 703 4354
436 298 4355
440 388 4356
440 443 4357
440 467 4358
445 1879 4359
446 108 4360
446 370 4361
458 98 4362
465 414 4363
475 534 4364
479 585 4365
494 325 4366
501 694 4367
505 760 4368
510 655 4369
513 852 4370
520 4353 4371
521 1636 4372
550 322 4373
550 403 4374
552 44 4375
559 300 4376
593 366 4377
597 291 4378
620 279 4379
625 781 4380
643 278 4381
653 537 4382
672 275 4383
738 814 4384
777 1104 4385
796 339 4386
798 679 4387
808 3122 4388
815 291 4389
920 417 4390
926 413 4391
962 1922 4392
965 259 4393
978 46 4394
978 321 4395
990 302 4396
1014 46 4397
1024 115 4398
1029 504 4399
1031 45 4400
1042 537 4401
1060 280 4402
1071 107 4403
1126 98 4404
1216 329 4405
1217 44 4406
1238 444 4407
1334 987 4408
1375 298 4409
1471 321 4410
1520 46 4411
1579 2464 4412
1590 258 4413
1612 371 4414
1618 630 4415
1645 298 4416
1710 116 4417
1765 112 4418
1834 1039 4419
1855 478 4420
1863 334 4421
1882 740 4422
1895 853 4423
1903 336 4424
1910 318 4425
1952 258 4426
2027 4396 4427
2085 531 4428
2262 279 4429
2359 406 4430
2551 265 4431
2633 266 4432
2648 853 4433
2768 1305 4434
2951 319 4435
2952 745 4436
3012 1925 4437
3109 4437 4438
3699 270 4439
3836 1491 4440
3897 407 4441
4117 4359 4442
4254 4258 4443
4260 2414 4444
4371 663 4445
33 300 4446
33 518 4447
65 293 4448
66 600 4449
67 790 4450
68 861 4451
73 46 4452
73 1097 4453
75 342 4454
77 1541 4455
97 724 4456
102 336 4457
103 384 4458
103 481 4459
104 383 4460
104 694 4461
104 935 4462
107 3436 4463
108 1451 4464
109 393 4465
109 832 4466
111 63 4467
112 264 4468
112 625 4469
114 410 4470
115 412 4471
115 987 4472
115 1190 4473
115 3181 4474
116 45 4475
116 272 4476
116 431 4477
116 669 4478
117 1161 4479
118 383 4480
118 1450 4481
119 2126 4482
258 333 4483
259 272 4484
259 307 4485
263 45 4486
266 317 4487
267 340 4488
269 744 4489
271 1338 4490
276 401 4491
278 119 4492
278 375 4493
278 3228 4494
280 341 4495
282 103 4496
283 1088 4497
284 409 4498
285 468 4499
285 735 4500
287 346 4501
287 494 4502
289 1828 4503
293 327 4504
293 472 4505
301 33 4506
312 290 4507
317 63 4508
320 309 4509
324 661 4510
324 1205 4511
334 264 4512
341 546 4513
350 534 4514
360 101 4515
360 105 4516
363 792 4517
363 1340 4518
367 1415 4519
369 347 4520
376 296 4521
378 44 4522
379 45 4523
393 102 4524
394 1325 4525
405 295 4526
408 292 4527
416 44 4528
416 59 4529
421 279 4530
428 1688 4531
428 3849 4532
428 3893 4533
432 33 4534
432 58 4535
433 58 4536
444 46 4537
450 2169 4538
457 435 4539
465 706 4540
478 407 4541
479 464 4542
483 334 4543
485 277 4544
498 63 4545
498 321 4546
500 269 4547
513 675 4548
517 348 4549
523 401 4550
523 2041 4551
525 3046 4552
527 851 4553
540 720 4554
593 1893 4555
597 336 4556
613 638 4557
621 46 4558
637 269 4559
646 44 4560
656 351 4561
665 267 4562
672 555 4563
676 343 4564
685 429 4565
718 351 4566
737 346 4567
755 46 4568
797 324 4569
863 923 4570
864 664 4571
868 393 4572
882 1751 4573
928 2677 4574
978 44 4575
1004 500 4576
1015 348 4577
1015 414 4578
1016 289 4579
1020 2961 4580
1031 2696 4581
1032 364 4582
1060 4487 4583
1067 416 4584
1098 504 4585
1100 261 4586
1113 323 4587
1143 44 4588
1160 259 4589
1229 400 4590
1237 331 4591
1277 321 4592
1283 478 4593
1319 801 4594
1322 98 4595
1334 410 4596
1351 261 4597
1370 32 4598
1422 333 4599
1428 100 4600
1484 373 4601
1485 263 4602
1492 493 4603
1655 373 4604
1682 371 4605
1689 46 4606
1703 100 4607
1708 339 4608
1987 602 4609
1987 698 4610
1990 318 4611
2166 2696 4612
2189 116 4613
2290 256 4614
2397 105 4615
2553 4469 4616
2685 334 4617
2718 310 4618
2997 517 4619
3016 4454 4620
3127 319 4621
3301 868 4622
3340 1282 4623
3452 100 4624
3954 371 4625
4172 1179 4626
4570 65 4627
4620 4085 4628
33 385 4629
39 1892 4630
59 1394 4631
68 111 4632
68 267 4633
68 437 4634
68 2077 4635
71 438 4636
73 494 4637
77 741 4638
79 330 4639
79 2250 4640
80 325 4641
81 117 4642
82 1416 4643
84 774 4644
97 45 4645
97 271 4646
99 740 4647
99 985 4648
99 3447 4649
100 329 4650
100 732 4651
100 1838 4652
100 2878 4653
102 116 4654
102 315 4655
102 1058 4656
103 3524 4657
104 1688 4658
104 2850 4659
106 472 4660
106 977 4661
108 257 4662
108 472 4663
108 4190 4664
109 434 4665
112 899 4666
112 1004 4667
115 267 4668
115 319 4669
115 505 4670
116 356 4671
116 502 4672
117 107 4673
118 546 4674
119 287 4675
119 1183 4676
119 1442 4677
120 269 4678
121 451 4679
257 114 4680
259 485 4681
259 557 4682
259 583 4683
261 97 4684
261 771 4685
261 1269 4686
262 453 4687
264 101 4688
264 493 4689
269 46 4690
269 760 4691
270 112 4692
271 1328 4693
272 434 4694
273 269 4695
275 392 4696
275 457 4697
276 451 4698
277 1029 4699
277 1490 4700
278 702 4701
281 108 4702
283 272 4703
283 2632 4704
284 429 4705
285 258 4706
285 695 4707
290 398 4708
292 337 4709
293 97 4710
293 478 4711
301 1749 4712
302 2316 4713
310 259 4714
311 1771 4715
312 398 4716
317 490 4717
318 333 4718
319 346 4719
319 546 4720
323 324 4721
327 103 4722
329 112 4723
329 3253 4724
333 691 4725
337 121 4726
340 474 4727
341 386 4728
346 262 4729
349 375 4730
349 893 4731
349 1825 4732
358 101 4733
358 565 4734
359 108 4735
360 430 4736
363 524 4737
366 272 4738
367 261 4739
369 291 4740
369 474 4741
371 279 4742
376 775 4743
391 425 4744
392 642 4745
395 568 4746
399 100 4747
399 103 4748
401 109 4749
408 358 4750
409 102 4751
409 941 4752
424 46 4753
427 450 4754
427 3362 4755
428 936 4756
431 100 4757
435 59 4758
445 292 4759
446 3203 4760
450 336 4761
455 348 4762
458 470 4763
463 327 4764
463 784 4765
465 348 4766
471 355 4767
476 467 4768
477 902 4769
479 659 4770
489 63 4771
492 279 4772
503 110 4773
511 338 4774
512 1276 4775
515 272 4776
516 311 4777
520 4643 4778
522 58 4779
527 688 4780
528 270 4781
538 103 4782
548 337 4783
557 467 4784
570 102 4785
572 560 4786
575 118 4787
589 291 4788
615 679 4789
623 661 4790
625 414 4791
641 348 4792
644 585 4793
646 59 4794
649 348 4795
649 414 4796
667 46 4797
672 355 4798
713 45 4799
725 259 4800
742 413 4801
743 275 4802
777 300 4803
797 416 4804
805 298 4805
828 258 4806
841 570 4807
865 351 4808
870 1298 4809
871 4778 4810
926 976 4811
940 1207 4812
954 986 4813
956 369 4814
958 300 4815
967 270 4816
968 287 4817
983 424 4818
1000 2866 4819
1073 32 4820
1073 839 4821
1131 264 4822
1150 279 4823
1173 323 4824
1235 4636 4825
1236 1704 4826
1267 1716 4827
1283 1860 4828
1289 46 4829
1313 431 4830
1357 477 4831
1357 2191 4832
1401 32 4833
1423 376 4834
1460 1524 4835
1518 1294 4836
1553 32 4837
1567 33 4838
1585 63 4839
1617 256 4840
1682 260 4841
1805 297 4842
1837 256 4843
1851 256 4844
2089 581 4845
2119 261 4846
2149 280 4847
2167 265 4848
2243 4716 4849
2280 2022 4850
2325 343 4851
2388 265 4852
2505 1927 4853
2556 526 4854
2816 258 4855
2920 439 4856
3285 2416 4857
3347 1054 4858
3401 371 4859
3435 517 4860
3479 263 4861
3590 473 4862
3693 4281 4863
3838 3225 4864
3951 273 4865
3956 2432 4866
4101 1046 4867
4245 110 4868
4286 517 4869
4634 1953 4870
4640 4635 4871
4810 4871 4872
4825 663 4873
39 114 4874
39 1038 4875
65 83 4876
65 353 4877
65 2605 4878
67 72 4879
67 270 4880
69 108 4881
70 310 4882
70 2110 4883
70 3495 4884
71 325 4885
73 3163 4886
75 378 4887
75 833 4888
77 535 4889
79 88 4890
79 388 4891
80 316 4892
82 82 4893
82 101 4894
83 112 4895
83 923 4896
86 3025 4897
87 1798 4898
97 286 4899
97 335 4900
97 501 4901
97 2333 4902
97 3888 4903
99 315 4904
99 419 4905
99 3354 4906
99 4146 4907
100 1415 4908
101 564 4909
102 383 4910
102 408 4911
103 302 4912
104 398 4913
104 431 4914
104 1393 4915
104 1488 4916
105 306 4917
105 393 4918
105 647 4919
105 1620 4920
108 276 4921
109 407 4922
110 2301 4923
110 2519 4924
112 4513 4925
114 267 4926
115 1730 4927
115 1753 4928
115 2787 4929
115 3745 4930
116 344 4931
116 524 4932
116 553 4933
116 3273 4934
116 3548 4935
118 1121 4936
119 891 4937
119 2252 4938
257 305 4939
259 277 4940
259 775 4941
261 277 4942
261 903 4943
262 386 4944
263 364 4945
263 486 4946
264 58 4947
264 1496 4948
266 1055 4949
267 849 4950
274 100 4951
277 300 4952
278 791 4953
279 1008 4954
283 602 4955
283 1063 4956
285 456 4957
287 59 4958
287 289 4959
288 98 4960
293 1286 4961
294 1009 4962
296 1099 4963
301 100 4964
301 460 4965
302 272 4966
303 327 4967
305 104 4968
309 665 4969
309 940 4970
312 33 4971
314 386 4972
317 45 4973
318 279 4974
320 73 4975
320 466 4976
320 481 4977
325 375 4978
329 260 4979
337 315 4980
341 3804 4981
349 358 4982
351 277 4983
354 1328 4984
354 3155 4985
356 259 4986
358 976 4987
360 1140 4988
360 1706 4989
365 1208 4990
366 754 4991
367 256 4992
369 324 4993
370 280 4994
374 1363 4995
380 108 4996
381 774 4997
385 425 4998
390 569 4999
393 109 5000
395 521 5001
397 44 5002
417 33 5003
427 99 5004
427 292 5005
427 810 5006
431 406 5007
434 340 5008
435 468 5009
436 348 5010
437 1595 5011
437 3378 5012
440 279 5013
441 386 5014
441 678 5015
444 265 5016
450 1363 5017
450 2126 5018
455 101 5019
461 425 5020
461 466 5021
463 1136 5022
464 59 5023
471 592 5024
475 467 5025
481 289 5026
489 59 5027
498 59 5028
501 524 5029
503 306 5030
516 59 5031
522 59 5032
522 121 5033
523 112 5034
524 413 5035
541 119 5036
556 986 5037
568 960 5038
585 285 5039
616 300 5040
616 3291 5041
619 784 5042
619 2038 5043
625 101 5044
627 4889 5045
636 59 5046
636 63 5047
642 323 5048
647 265 5049
649 339 5050
653 875 5051
681 300 5052
683 914 5053
683 3540 5054
692 33 5055
700 958 5056
718 382 5057
719 298 5058
719 414 5059
725 486 5060
751 279 5061
765 107 5062
766 351 5063
769 33 5064
773 1159 5065
777 257 5066
785 44 5067
789 1475 5068
808 2595 5069
815 336 5070
857 339 5071
879 297 5072
915 350 5073
934 443 5074
944 280 5075
944 474 5076
956 44 5077
958 364 5078
997 275 5079
1000 1975 5080
1004 256 5081
1005 63 5082
1028 1234 5083
1028 3617 5084
1030 3112 5085
1034 45 5086
1080 114 5087
1086 1227 5088
1087 298 5089
1098 1389 5090
1147 103 5091
1180 261 5092
1264 292 5093
1267 121 5094
1267 344 5095
1323 4282 5096
1345 373 5097
1353 333 5098
1418 413 5099
1428 720 5100
1485 1879 5101
1492 581 5102
1505 298 5103
1529 291 5104
1540 979 5105
1561 107 5106
1611 109 5107
1622 517 5108
1627 1786 5109
1652 32 5110
1672 526 5111
1703 938 5112
1727 4922 5113
1794 116 5114
1974 321 5115
2084 260 5116
2116 343 5117
2138 3474 5118
2144 343 5119
2157 339 5120
2170 1009 5121
2173 269 5122
2310 291 5123
2410 266 5124
2598 46 5125
2770 300 5126
3196 261 5127
3388 407 5128
3935 110 5129
3981 324 5130
4099 275 5131
4313 347 5132
4615 492 5133
4867 58 5134
4890 4883 5135
4896 5012 5136
4897 5011 5137
4967 115 5138
5045 999 5139
32 121 5140
32 305 5141
32 480 5142
32 492 5143
39 1491 5144
58 39 5145
65 1430 5146
66 407 5147
66 1602 5148
67 327 5149
72 663 5150
72 1199 5151
76 506 5152
77 429 5153
77 2353 5154
77 2468 5155
77 5146 5156
79 39 5157
80 2509 5158
82 276 5159
82 4115 5160
83 459 5161
83 5150 5162
84 1094 5163
84 1215 5164
86 2012 5165
97 120 5166
97 582 5167
97 1200 5168
98 305 5169
99 341 5170
99 942 5171
99 984 5172
100 325 5173
100 383 5174
100 478 5175
100 1860 5176
101 107 5177
102 916 5178
105 276 5179
105 2516 5180
108 366 5181
108 1061 5182
109 912 5183
110 782 5184
111 267 5185
112 258 5186
112 372 5187
114 316 5188
114 916 5189
115 45 5190
115 263 5191
115 376 5192
116 375 5193
117 103 5194
118 348 5195
118 1009 5196
119 3753 5197
257 276 5198
257 384 5199
257 936 5200
259 452 5201
259 466 5202
259 509 5203
259 539 5204
261 382 5205
261 874 5206
261 1339 5207
262 369 5208
262 852 5209
264 259 5210
264 464 5211
266 490 5212
271 263 5213
275 466 5214
278 431 5215
278 916 5216
278 1142 5217
278 1216 5218
282 260 5219
283 912 5220
284 901 5221
287 63 5222
288 266 5223
289 1047 5224
291 1876 5225
292 422 5226
292 491 5227
292 3318 5228
301 273 5229
301 340 5230
301 386 5231
301 450 5232
301 892 5233
302 292 5234
302 4678 5235
305 359 5236
305 444 5237
315 348 5238
315 414 5239
315 4374 5240
317 321 5241
320 910 5242
323 452 5243
324 1593 5244
325 104 5245
325 358 5246
326 346 5247
326 1512 5248
326 3579 5249
327 306 5250
335 399 5251
337 4559 5252
346 269 5253
347 527 5254
347 656 5255
